Position;Temperature
15:29:20.822 -> Begin calibration?
Position;Temperature
160;27.92
165;27.72
170;27.60
175;28.09
180;28.63
185;29.10
190;29.34
195;29.74
200;30.10
205;30.62
210;31.47
215;32.38
220;33.33
225;34.18
230;35.06
235;36.05
240;37.38
245;38.76
250;40.21
255;41.82
260;43.98
265;44.65
270;46.28
275;49.97
280;53.46
285;57.17
290;60.77
295;64.58
300;68.96
305;73.93
310;79.45
315;85.15
320;91.94
325;98.66
330;106.95
335;114.84
340;124.27
345;133.40
350;143.42
355;156.02
360;169.59
365;184.77
370;201.84
375;218.52
380;235.33
385;254.44
390;277.08
395;292.45
400;292.45
405;333.97
410;333.97
415;333.97
420;333.97
425;333.97
430;333.97
435;333.97
440;333.97
445;333.97
450;333.97
455;333.97
460;333.97
465;333.97
470;333.97
475;333.97
480;333.97
485;333.97
490;333.97
495;333.97
500;333.97
505;333.97
510;333.97
515;333.97
520;333.97
525;333.97
530;333.97
535;333.97
540;333.97
545;333.97
550;333.97
555;333.97
560;333.97
565;333.97
570;333.97
575;333.97
580;333.97
585;658.81
590;665.62
595;665.62
600;670.37
605;673.89
610;678.27
615;681.27
620;685.92
625;689.20
630;693.05
635;699.57
640;699.57
645;703.30
650;707.02
655;710.10
660;713.25
665;719.22
670;719.22
675;722.48
680;727.85
685;730.88
690;730.88
695;733.52
700;735.38
705;740.36
710;741.98
715;743.59
720;745.27
725;746.91
730;746.91
735;749.16
740;749.79
745;750.38
750;750.54
755;750.56
760;750.21
765;750.08
770;749.30
775;748.48
780;747.45
785;746.47
790;744.85
795;744.85
800;742.98
Calib⸮
